1 1 0.00
12 2 1.00
22 3 1.00
1 4 1.00
16 5 1.00
16 6 1.00
2 7 1.00
22 8 1.00
69 9 1.00
31 10 1.00
61 11 1.00
40 12 1.00
11 13 1.00
37 14 1.00
30 15 1.00
18 16 1.00
48 17 1.00
4 18 1.00
41 19 1.00
10 20 1.00
17 21 1.00
49 22 1.00
46 23 1.00
26 24 1.00
27 25 1.00
4 26 1.00
12 27 1.00
32 28 1.00
23 29 1.00
4 30 1.00
7 31 1.00
39 32 1.00
24 33 1.00
35 34 1.00
6 35 1.00
68 36 1.00
18 37 1.00
18 38 1.00
38 39 1.00
14 40 1.00
57 41 1.00
13 42 1.00
26 43 1.00
40 44 1.00
38 45 1.00
35 46 1.00
41 47 1.00
35 48 1.00
35 49 1.00
41 50 1.00
3 51 1.00
1 52 1.00
35 53 1.00
24 54 1.00
37 55 1.00
6 56 1.00
34 57 1.00
13 58 1.00
3 59 1.00
23 60 1.00
4 61 1.00
4 62 1.00
33 63 1.00
74 64 1.00
16 65 1.00
4 66 1.00
30 67 1.00
39 68 1.00
32 69 1.00
46 70 1.00
18 71 1.00
26 72 1.00
27 73 1.00
37 74 1.00
32 75 1.00
16 76 1.00
47 77 1.00
12 78 1.00
10 79 1.00
35 80 1.00
35 81 1.00
27 82 1.00
6 83 1.00
39 84 1.00
26 85 1.00
31 86 1.00
110 87 1.00
48 88 1.00
45 89 1.00
45 90 1.00
25 91 1.00
21 92 1.00
2 93 1.00
16 94 1.00
37 95 1.00
35 96 1.00
34 97 1.00
5 98 1.00
28 99 1.00
8 100 1.00
33 101 1.00
30 102 1.00
60 103 1.00
28 104 1.00
6 105 1.00
16 106 1.00
31 107 1.00
49 108 1.00
14 109 1.00
96 110 1.00
49 111 1.00
19 112 1.00
15 113 1.00
35 114 1.00
51 115 1.00
16 116 1.00
18 117 1.00
6 118 1.00
40 119 1.00
20 120 1.00
32 121 1.00
35 122 1.00
33 123 1.00
26 124 1.00
18 125 1.00
22 126 1.00
29 127 1.00
37 128 1.00
31 129 1.00
6 130 1.00
92 131 1.00
4 132 1.00
38 133 1.00
56 134 1.00
23 135 1.00
18 136 1.00
25 137 1.00
27 138 1.00
49 139 1.00
37 140 1.00
60 141 1.00
30 142 1.00
26 143 1.00
1 144 1.00
29 145 1.00
5 146 1.00
25 147 1.00
61 148 1.00
16 149 1.00
25 150 1.00
26 151 1.00
1 152 1.00
5 153 1.00
20 154 1.00
43 155 1.00
24 156 1.00
24 157 1.00
55 158 1.00
28 159 1.00
4 160 1.00
90 161 1.00
37 162 1.00
14 163 1.00
15 164 1.00
14 165 1.00
18 166 1.00
17 167 1.00
6 168 1.00
30 169 1.00
14 170 1.00
24 171 1.00
16 172 1.00
2 173 1.00
5 174 1.00
26 175 1.00
65 176 1.00
37 177 1.00
5 178 1.00
16 179 1.00
24 180 1.00
24 181 1.00
12 182 1.00
74 183 1.00
24 184 1.00
73 185 1.00
7 186 1.00
26 187 1.00
35 188 1.00
50 189 1.00
1 190 1.00
10 191 1.00
5 192 1.00
33 193 1.00
18 194 1.00
62 195 1.00
26 196 1.00
16 197 1.00
39 198 1.00
47 199 1.00
17 200 1.00
41 201 1.00
33 202 1.00
31 203 1.00
39 204 1.00
35 205 1.00
35 206 1.00
15 207 1.00
56 208 1.00
4 209 1.00
23 210 1.00
5 211 1.00
7 212 1.00
45 213 1.00
51 214 1.00
15 215 1.00
22 216 1.00
5 217 1.00
4 218 1.00
6 219 1.00
29 220 1.00
135 221 1.00
8 222 1.00
50 223 1.00
38 224 1.00
15 225 1.00
37 226 1.00
30 227 1.00
24 228 1.00
26 229 1.00
66 230 1.00
60 231 1.00
6 232 1.00
51 233 1.00
33 234 1.00
65 235 1.00
30 236 1.00
26 237 1.00
41 238 1.00
4 239 1.00
33 240 1.00
18 241 1.00
16 242 1.00
113 243 1.00
15 244 1.00
5 245 1.00
31 246 1.00
16 247 1.00
25 248 1.00
3 249 1.00
6 250 1.00
27 251 1.00
49 252 1.00
49 253 1.00
26 254 1.00
52 255 1.00
16 256 1.00
55 257 1.00
34 258 1.00
22 259 1.00
59 260 1.00
1 261 1.00
16 262 1.00
43 263 1.00
43 264 1.00
49 265 1.00
15 266 1.00
24 267 1.00
18 268 1.00
20 269 1.00
38 270 1.00
26 271 1.00
4 272 1.00
12 273 1.00
33 274 1.00
38 275 1.00
85 276 1.00
6 277 1.00
19 278 1.00
16 279 1.00
19 280 1.00
28 281 1.00
4 282 1.00
44 283 1.00
16 284 1.00
34 285 1.00
26 286 1.00
4 287 1.00
35 288 1.00
24 289 1.00
18 290 1.00
39 291 1.00
33 292 1.00
54 293 1.00
18 294 1.00
39 295 1.00
49 296 1.00
75 297 1.00
35 298 1.00
40 299 1.00
39 300 1.00
90 301 1.00
49 302 1.00
5 303 1.00
13 304 1.00
31 305 1.00
30 306 1.00
34 307 1.00
15 308 1.00
11 309 1.00
38 310 1.00
11 311 1.00
20 312 1.00
68 313 1.00
40 314 1.00
6 315 1.00
1 316 1.00
40 317 1.00
39 318 1.00
18 319 1.00
52 320 1.00
7 321 1.00
10 322 1.00
54 323 1.00
31 324 1.00
40 325 1.00
27 326 1.00
6 327 1.00
38 328 1.00
5 329 1.00
16 330 1.00
1 331 1.00
33 332 1.00
32 333 1.00
34 334 1.00
6 335 1.00
4 336 1.00
1 337 1.00
52 338 1.00
34 339 1.00
25 340 1.00
35 341 1.00
4 342 1.00
16 343 1.00
20 344 1.00
14 345 1.00
38 346 1.00
27 347 1.00
30 348 1.00
4 349 1.00
6 350 1.00
59 351 1.00
56 352 1.00
156 353 1.00
18 354 1.00
23 355 1.00
37 356 1.00
95 357 1.00
24 358 1.00
45 359 1.00
22 360 1.00
104 361 1.00
17 362 1.00
31 363 1.00
4 364 1.00
25 365 1.00
4 366 1.00
4 367 1.00
38 368 1.00
10 369 1.00
39 370 1.00
41 371 1.00
8 372 1.00
23 373 1.00
43 374 1.00
5 375 1.00
98 376 1.00
22 377 1.00
18 378 1.00
21 379 1.00
55 380 1.00
39 381 1.00
34 382 1.00
24 383 1.00
52 384 1.00
15 385 1.00
46 386 1.00
34 387 1.00
75 388 1.00
39 389 1.00
34 390 1.00
4 391 1.00
114 392 1.00
24 393 1.00
52 394 1.00
16 395 1.00
26 396 1.00
49 397 1.00
1 398 1.00
47 399 1.00
57 400 1.00
51 401 1.00
4 402 1.00
49 403 1.00
58 404 1.00
34 405 1.00
38 406 1.00
78 407 1.00
36 408 1.00
45 409 1.00
1 410 1.00
53 411 1.00
17 412 1.00
24 413 1.00
14 414 1.00
33 415 1.00
11 416 1.00
41 417 1.00
4 418 1.00
47 419 1.00
52 420 1.00
33 421 1.00
33 422 1.00
65 423 1.00
26 424 1.00
6 425 1.00
18 426 1.00
14 427 1.00
61 428 1.00
28 429 1.00
40 430 1.00
35 431 1.00
34 432 1.00
20 433 1.00
4 434 1.00
73 435 1.00
14 436 1.00
17 437 1.00
31 438 1.00
24 439 1.00
54 440 1.00
23 441 1.00
35 442 1.00
24 443 1.00
40 444 1.00
6 445 1.00
28 446 1.00
61 447 1.00
34 448 1.00
55 449 1.00
31 450 1.00
38 451 1.00
4 452 1.00
16 453 1.00
30 454 1.00
33 455 1.00
16 456 1.00
30 457 1.00
51 458 1.00
3 459 1.00
6 460 1.00
20 461 1.00
30 462 1.00
5 463 1.00
78 464 1.00
33 465 1.00
38 466 1.00
30 467 1.00
15 468 1.00
30 469 1.00
20 470 1.00
2 471 1.00
33 472 1.00
48 473 1.00
16 474 1.00
22 475 1.00
17 476 1.00
40 477 1.00
21 478 1.00
18 479 1.00
18 480 1.00
14 481 1.00
5 482 1.00
38 483 1.00
14 484 1.00
16 485 1.00
22 486 1.00
46 487 1.00
35 488 1.00
4 489 1.00
16 490 1.00
16 491 1.00
6 492 1.00
32 493 1.00
18 494 1.00
1 495 1.00
35 496 1.00
1 497 1.00
33 498 1.00
6 499 1.00
1 500 1.00
37 501 1.00
1 502 1.00
31 503 1.00
60 504 1.00
26 505 1.00
37 506 1.00
4 507 1.00
19 508 1.00
27 509 1.00
25 510 1.00
2 511 1.00
30 512 1.00
30 513 1.00
33 514 1.00
12 515 1.00
24 516 1.00
35 517 1.00
16 518 1.00
34 519 1.00
39 520 1.00
7 521 1.00
1 522 1.00
15 523 1.00
39 524 1.00
26 525 1.00
35 526 1.00
55 527 1.00
33 528 1.00
28 529 1.00
31 530 1.00
38 531 1.00
3 532 1.00
6 533 1.00
4 534 1.00
2 535 1.00
1 536 1.00
23 537 1.00
5 538 1.00
43 539 1.00
19 540 1.00
18 541 1.00
10 542 1.00
40 543 1.00
34 544 1.00
58 545 1.00
4 546 1.00
29 547 1.00
6 548 1.00
20 549 1.00
30 550 1.00
16 551 1.00
5 552 1.00
39 553 1.00
66 554 1.00
27 555 1.00
5 556 1.00
37 557 1.00
37 558 1.00
28 559 1.00
56 560 1.00
24 561 1.00
25 562 1.00
37 563 1.00
10 564 1.00
14 565 1.00
29 566 1.00
31 567 1.00
16 568 1.00
10 569 1.00
4 570 1.00
18 571 1.00
7 572 1.00
25 573 1.00
54 574 1.00
45 575 1.00
18 576 1.00
18 577 1.00
30 578 1.00
1 579 1.00
37 580 1.00
5 581 1.00
67 582 1.00
2 583 1.00
51 584 1.00
1 585 1.00
25 586 1.00
52 587 1.00
54 588 1.00
18 589 1.00
26 590 1.00
40 591 1.00
34 592 1.00
70 593 1.00
14 594 1.00
1 595 1.00
24 596 1.00
22 597 1.00
30 598 1.00
38 599 1.00
49 600 1.00
26 601 1.00
112 602 1.00
1 603 1.00
34 604 1.00
29 605 1.00
18 606 1.00
35 607 1.00
32 608 1.00
45 609 1.00
16 610 1.00
56 611 1.00
40 612 1.00
18 613 1.00
28 614 1.00
4 615 1.00
54 616 1.00
10 617 1.00
39 618 1.00
5 619 1.00
20 620 1.00
24 621 1.00
38 622 1.00
42 623 1.00
8 624 1.00
45 625 1.00
1 626 1.00
21 627 1.00
16 628 1.00
40 629 1.00
45 630 1.00
1 631 1.00
6 632 1.00
37 633 1.00
25 634 1.00
15 635 1.00
10 636 1.00
39 637 1.00
40 638 1.00
24 639 1.00
70 640 1.00
65 641 1.00
6 642 1.00
25 643 1.00
49 644 1.00
15 645 1.00
27 646 1.00
11 647 1.00
58 648 1.00
27 649 1.00
59 650 1.00
13 651 1.00
32 652 1.00
101 653 1.00
32 654 1.00
6 655 1.00
60 656 1.00
46 657 1.00
18 658 1.00
14 659 1.00
3 660 1.00
28 661 1.00
32 662 1.00
6 663 1.00
38 664 1.00
31 665 1.00
24 666 1.00
4 667 1.00
24 668 1.00
59 669 1.00
27 670 1.00
45 671 1.00
46 672 1.00
1 673 1.00
39 674 1.00
30 675 1.00
30 676 1.00
24 677 1.00
40 678 1.00
49 679 1.00
38 680 1.00
18 681 1.00
45 682 1.00
37 683 1.00
5 684 1.00
6 685 1.00
30 686 1.00
88 687 1.00
53 688 1.00
7 689 1.00
39 690 1.00
29 691 1.00
5 692 1.00
13 693 1.00
45 694 1.00
38 695 1.00
76 696 1.00
33 697 1.00
40 698 1.00
38 699 1.00
24 700 1.00
24 701 1.00
25 702 1.00
1 703 1.00
18 704 1.00
20 705 1.00
75 706 1.00
8 707 1.00
24 708 1.00
51 709 1.00
22 710 1.00
37 711 1.00
4 712 1.00
26 713 1.00
20 714 1.00
30 715 1.00
5 716 1.00
51 717 1.00
80 718 1.00
29 719 1.00
12 720 1.00
16 721 1.00
27 722 1.00
21 723 1.00
31 724 1.00
25 725 1.00
30 726 1.00
7 727 1.00
24 728 1.00
57 729 1.00
34 730 1.00
15 731 1.00
24 732 1.00
28 733 1.00
22 734 1.00
16 735 1.00
44 736 1.00
38 737 1.00
37 738 1.00
22 739 1.00
18 740 1.00
9 741 1.00
35 742 1.00
5 743 1.00
10 744 1.00
10 745 1.00
33 746 1.00
21 747 1.00
2 748 1.00
28 749 1.00
10 750 1.00
16 751 1.00
5 752 1.00
39 753 1.00
43 754 1.00
5 755 1.00
23 756 1.00
18 757 1.00
18 758 1.00
131 759 1.00
36 760 1.00
104 761 1.00
5 762 1.00
6 763 1.00
30 764 1.00
26 765 1.00
26 766 1.00
4 767 1.00
26 768 1.00
23 769 1.00
37 770 1.00
41 771 1.00
63 772 1.00
32 773 1.00
10 774 1.00
18 775 1.00
24 776 1.00
63 777 1.00
11 778 1.00
26 779 1.00
26 780 1.00
44 781 1.00
1 782 1.00
15 783 1.00
10 784 1.00
5 785 1.00
64 786 1.00
37 787 1.00
4 788 1.00
54 789 1.00
43 790 1.00
19 791 1.00
70 792 1.00
28 793 1.00
6 794 1.00
34 795 1.00
2 796 1.00
39 797 1.00
84 798 1.00
2 799 1.00
22 800 1.00
14 801 1.00
35 802 1.00
8 803 1.00
25 804 1.00
14 805 1.00
31 806 1.00
41 807 1.00
67 808 1.00
28 809 1.00
21 810 1.00
30 811 1.00
10 812 1.00
23 813 1.00
21 814 1.00
29 815 1.00
103 816 1.00
5 817 1.00
16 818 1.00
26 819 1.00
42 820 1.00
24 821 1.00
6 822 1.00
1 823 1.00
32 824 1.00
15 825 1.00
45 826 1.00
71 827 1.00
38 828 1.00
9 829 1.00
45 830 1.00
25 831 1.00
60 832 1.00
4 833 1.00
15 834 1.00
16 835 1.00
18 836 1.00
22 837 1.00
16 838 1.00
8 839 1.00
28 840 1.00
20 841 1.00
28 842 1.00
3 843 1.00
30 844 1.00
38 845 1.00
16 846 1.00
35 847 1.00
17 848 1.00
45 849 1.00
4 850 1.00
35 851 1.00
105 852 1.00
32 853 1.00
26 854 1.00
38 855 1.00
17 856 1.00
20 857 1.00
34 858 1.00
51 859 1.00
15 860 1.00
18 861 1.00
4 862 1.00
34 863 1.00
37 864 1.00
23 865 1.00
5 866 1.00
15 867 1.00
5 868 1.00
24 869 1.00
56 870 1.00
73 871 1.00
74 872 1.00
18 873 1.00
1 874 1.00
35 875 1.00
39 876 1.00
1 877 1.00
18 878 1.00
20 879 1.00
7 880 1.00
15 881 1.00
2 882 1.00
23 883 1.00
26 884 1.00
34 885 1.00
24 886 1.00
33 887 1.00
14 888 1.00
14 889 1.00
18 890 1.00
41 891 1.00
4 892 1.00
1 893 1.00
30 894 1.00
16 895 1.00
37 896 1.00
5 897 1.00
37 898 1.00
39 899 1.00
18 900 1.00
40 901 1.00
39 902 1.00
4 903 1.00
50 904 1.00
4 905 1.00
61 906 1.00
33 907 1.00
4 908 1.00
14 909 1.00
22 910 1.00
24 911 1.00
37 912 1.00
21 913 1.00
7 914 1.00
35 915 1.00
27 916 1.00
6 917 1.00
35 918 1.00
16 919 1.00
28 920 1.00
16 921 1.00
38 922 1.00
26 923 1.00
15 924 1.00
26 925 1.00
73 926 1.00
37 927 1.00
16 928 1.00
88 929 1.00
39 930 1.00
8 931 1.00
3 932 1.00
6 933 1.00
6 934 1.00
17 935 1.00
14 936 1.00
20 937 1.00
18 938 1.00
4 939 1.00
25 940 1.00
64 941 1.00
6 942 1.00
6 943 1.00
2 944 1.00
10 945 1.00
26 946 1.00
26 947 1.00
37 948 1.00
16 949 1.00
43 950 1.00
28 951 1.00
25 952 1.00
32 953 1.00
31 954 1.00
34 955 1.00
16 956 1.00
30 957 1.00
4 958 1.00
15 959 1.00
39 960 1.00
6 961 1.00
46 962 1.00
41 963 1.00
28 964 1.00
5 965 1.00
6 966 1.00
1 967 1.00
54 968 1.00
1 969 1.00
37 970 1.00
35 971 1.00
46 972 1.00
60 973 1.00
4 974 1.00
4 975 1.00
5 976 1.00
22 977 1.00
33 978 1.00
18 979 1.00
5 980 1.00
21 981 1.00
151 982 1.00
73 983 1.00
58 984 1.00
35 985 1.00
21 986 1.00
35 987 1.00
32 988 1.00
5 989 1.00
26 990 1.00
18 991 1.00
35 992 1.00
86 993 1.00
28 994 1.00
4 995 1.00
6 996 1.00
6 997 1.00
49 998 1.00
18 999 1.00
26 1000 1.00
